
                    x = # of hps the drink heals.
 
                A) Portable Drink:     3x + (x^2) / 10
                B) Non-portable Drink: 2x + (x^2) / 10

            Heals  Cost A  Cost B  |  Heals  Cost A  Cost B
            -----  ------  ------  |  -----  ------  ------
              1       3       2    |    23    122      99
              2       6       4    |    24    130     105
              3      10       7    |    25    138     113
              4      13      10    |    26    146     120
              5      18      13    |    27    154     127
              6      21      15    |    28    162     134
              7      26      19    |    29    171     142
              8      30      22    |    30    180     150
              9      35      26    |    31    189     158
             10      40      30    |    32    198     166
             11      45      34    |    33    207     174
             12      50      38    |    34    217     183
             13      56      43    |    35    227     192
             14      62      48    |    36    237     201
             15      68      53    |    37    247     210
             16      73      58    |    38    258     220
             17      80      63    |    39    269     230
             18      86      68    |    40    280     240
             19      93      74    |    41    291     250
             20     100      80    |	42    302     260
             21     107      86    |    43    313     270
             22     114      92    |    44    325     281
                                   |    45    337     292
